{
 "cells": [
  {
   "cell_type": "code",
   "execution_count": null,
   "metadata": {
    "id": "__nL4KVkwRh5"
   },
   "outputs": [],
   "source": [
    "from ebtorch.typing import realnum\n",
    "import torch\n",
    "from torch import Tensor"
   ]
  },
  {
   "cell_type": "code",
   "execution_count": null,
   "metadata": {
    "id": "hstdVt_0uQNK"
   },
   "outputs": [],
   "source": [
    "divf: realnum = 100\n",
    "\n",
    "fmo_off: Tensor = (\n",
    "    torch.tensor([\n",
    "        [0, 0, 0, 0, 0, 0, 0, 0],\n",
    "        [0, 0, -104.1, 5.1, -4.3, 4.7, -15.1, -7.8],\n",
    "        [0, -104.1, 0, 32.6, 7.1, 5.4, 8.3, 0.8],\n",
    "        [0, 5.1, 32.6, 0, -46.8, 1.0, -8.1, 5.1],\n",
    "        [0, -4.3, 7.1, -46.8, 0, -70.7, -14.7, -61.5],\n",
    "        [0, 4.7, 5.4, 1.0, -70.7, 0, 89.7, -2.5],\n",
    "        [0, -15.1, 8.3, -8.1, -14.7, 89.7, 0, 32.7],\n",
    "        [0, -7.8, 0.8, 5.1, -61.5, -2.5, 32.7, 0],\n",
    "    ])\n",
    "    / divf\n",
    ")\n",
    "\n",
    "fmo_d: Tensor = torch.tensor([0, 65.7, -11.1, -56.1, -36.2, -30.6, 55.7, 4.2]) / divf"
   ]
  },
  {
   "cell_type": "code",
   "execution_count": null,
   "metadata": {
    "colab": {
     "base_uri": "https://localhost:8080/"
    },
    "id": "Um0ergakwL8Z",
    "outputId": "ab2a72da-e687-4a7b-bae8-5b6e0dd9196d"
   },
   "outputs": [
    {
     "name": "stdout",
     "output_type": "stream",
     "text": [
      "tensor(26.2443)\n"
     ]
    }
   ],
   "source": [
    "fmo_o_term: Tensor = 4 * (fmo_off**2).sum()\n",
    "print(fmo_o_term)"
   ]
  },
  {
   "cell_type": "code",
   "execution_count": null,
   "metadata": {
    "colab": {
     "base_uri": "https://localhost:8080/"
    },
    "id": "FaQRMW9gwSYi",
    "outputId": "a83481db-2c10-47b0-ad7f-8dca0ae3d447"
   },
   "outputs": [
    {
     "name": "stdout",
     "output_type": "stream",
     "text": [
      "tensor(1.2954)\n"
     ]
    }
   ],
   "source": [
    "fmo_d_term: Tensor = (fmo_d**2).sum()\n",
    "print(fmo_d_term)"
   ]
  }
 ],
 "metadata": {
  "colab": {
   "provenance": []
  },
  "kernelspec": {
   "display_name": "Python 3",
   "name": "python3"
  },
  "language_info": {
   "name": "python"
  }
 },
 "nbformat": 4,
 "nbformat_minor": 0
}
